9
36
0 1
9.672955e-001 -1.997972e-002 1.459116e+001 -3.566641e-001 9.757002e-001 8.234415e+001 3.615005e-004 -3.266452e-004 1.000000e+000
0.000000e+000 0.000000e+000 0.000000e+000 0.000000e+000 0.000000e+000 0.000000e+000 0.000000e+000 0.000000e+000 0.000000e+000
4.7368421052631576e-001
81
0
0 2
9.150745e-001 1.416951e-001 4.872197e+001 -6.969541e-001 9.057425e-001 1.378683e+002 5.670955e-004 -5.567516e-004 1.000000e+000
0.000000e+000 0.000000e+000 0.000000e+000 0.000000e+000 0.000000e+000 0.000000e+000 0.000000e+000 0.000000e+000 0.000000e+000
4.5652173913043476e-001
21
0
0 3
9.748107e-001 4.211030e-002 1.273895e+001 -5.962302e-003 1.009950e+000 -3.126649e+001 -4.994218e-005 1.109028e-004 1.000000e+000
0.000000e+000 0.000000e+000 0.000000e+000 0.000000e+000 0.000000e+000 0.000000e+000 0.000000e+000 0.000000e+000 0.000000e+000
5.8333333333333337e-001
203
0
0 4
1.370858e+000 3.030399e-001 -6.746770e+001 -6.642669e-001 1.008490e+000 8.349610e+001 7.144200e-004 -2.895034e-004 1.000000e+000
0.000000e+000 0.000000e+000 0.000000e+000 0.000000e+000 0.000000e+000 0.000000e+000 0.000000e+000 0.000000e+000 0.000000e+000
6.2068965517241381e-001
72
0
1 0
1.045853e+000 1.586996e-002 -1.656701e+001 4.031037e-001 1.003526e+000 -8.851624e+001 -2.464046e-004 3.220599e-004 9.770756e-001
0.000000e+000 0.000000e+000 0.000000e+000 0.000000e+000 0.000000e+000 0.000000e+000 0.000000e+000 0.000000e+000 0.000000e+000
0.0000000000000000e+000
0
0
1 2
9.612466e-001 1.102494e-001 1.560264e+001 -3.298259e-001 8.887339e-001 5.063218e+001 -2.464084e-005 -3.873086e-004 1.000000e+000
0.000000e+000 0.000000e+000 0.000000e+000 0.000000e+000 0.000000e+000 0.000000e+000 0.000000e+000 0.000000e+000 0.000000e+000
5.4347826086956519e-001
125
0
1 3
1.095649e+000 7.612962e-002 -3.459954e+000 2.090343e-001 1.023058e+000 -7.323365e+001 -8.544773e-005 4.935492e-004 1.000000e+000
0.000000e+000 0.000000e+000 0.000000e+000 0.000000e+000 0.000000e+000 0.000000e+000 0.000000e+000 0.000000e+000 0.000000e+000
3.5714285714285715e-001
30
0
1 4
1.362900e+000 2.816172e-001 -9.236243e+001 -1.888971e-001 9.283910e-001 -1.879409e+001 -9.240094e-005 -3.666729e-006 1.000000e+000
0.000000e+000 0.000000e+000 0.000000e+000 0.000000e+000 0.000000e+000 0.000000e+000 0.000000e+000 0.000000e+000 0.000000e+000
6.7088607594936711e-001
53
0
2 0
9.797822e-001 -1.683540e-001 -2.452625e+001 7.729937e-001 8.849888e-001 -1.596737e+002 -1.252646e-004 5.881917e-004 9.250101e-001
0.000000e+000 0.000000e+000 0.000000e+000 0.000000e+000 0.000000e+000 0.000000e+000 0.000000e+000 0.000000e+000 0.000000e+000
0.0000000000000000e+000
0
0
2 1
9.963158e-001 -1.275551e-001 -9.086767e+000 3.604006e-001 1.054763e+000 -5.902817e+001 1.641363e-004 4.053759e-004 9.769140e-001
0.000000e+000 0.000000e+000 0.000000e+000 0.000000e+000 0.000000e+000 0.000000e+000 0.000000e+000 0.000000e+000 0.000000e+000
0.0000000000000000e+000
0
0
2 3
1.132061e+000 -9.370393e-002 -1.799776e+001 4.539221e-001 8.104548e-001 -1.098643e+002 9.042560e-005 7.557075e-004 1.000000e+000
0.000000e+000 0.000000e+000 0.000000e+000 0.000000e+000 0.000000e+000 0.000000e+000 0.000000e+000 0.000000e+000 0.000000e+000
3.8461538461538464e-001
10
0
2 4
1.671773e+000 8.749683e-002 -1.443924e+002 9.400923e-002 1.130116e+000 -6.275027e+001 4.807440e-004 4.320254e-004 1.000000e+000
0.000000e+000 0.000000e+000 0.000000e+000 0.000000e+000 0.000000e+000 0.000000e+000 0.000000e+000 0.000000e+000 0.000000e+000
6.7187500000000000e-001
43
0
3 0
1.024854e+000 -4.115677e-002 -1.434239e+001 7.608722e-003 9.864545e-001 3.074604e+001 5.033959e-005 -1.114561e-004 9.958739e-001
0.000000e+000 0.000000e+000 0.000000e+000 0.000000e+000 0.000000e+000 0.000000e+000 0.000000e+000 0.000000e+000 0.000000e+000
0.0000000000000000e+000
0
0
3 1
9.255386e-001 -6.801478e-002 -1.778650e+000 -1.771877e-001 9.571277e-001 6.948090e+001 1.665360e-004 -4.782013e-004 9.655558e-001
0.000000e+000 0.000000e+000 0.000000e+000 0.000000e+000 0.000000e+000 0.000000e+000 0.000000e+000 0.000000e+000 0.000000e+000
0.0000000000000000e+000
0
0
3 2
8.508648e-001 7.628232e-002 2.369436e+001 -4.417326e-001 1.079617e+000 1.106611e+002 2.568807e-004 -8.227723e-004 9.142300e-001
0.000000e+000 0.000000e+000 0.000000e+000 0.000000e+000 0.000000e+000 0.000000e+000 0.000000e+000 0.000000e+000 0.000000e+000
0.0000000000000000e+000
0
0
3 4
1.286510e+000 1.700477e-001 -7.874006e+001 -4.881740e-001 9.077750e-001 7.945775e+001 2.174825e-004 -6.353037e-004 1.000000e+000
0.000000e+000 0.000000e+000 0.000000e+000 0.000000e+000 0.000000e+000 0.000000e+000 0.000000e+000 0.000000e+000 0.000000e+000
5.5555555555555558e-001
35
0
4 0
6.181224e-001 -1.696996e-001 5.587255e+001 4.333166e-001 8.494073e-001 -4.168732e+001 -3.161524e-004 3.671431e-004 9.480149e-001
0.000000e+000 0.000000e+000 0.000000e+000 0.000000e+000 0.000000e+000 0.000000e+000 0.000000e+000 0.000000e+000 0.000000e+000
0.0000000000000000e+000
0
0
4 1
7.081515e-001 -2.145676e-001 6.137399e+001 1.454210e-001 1.033150e+000 3.284856e+001 6.596709e-005 -1.603796e-005 1.005791e+000
0.000000e+000 0.000000e+000 0.000000e+000 0.000000e+000 0.000000e+000 0.000000e+000 0.000000e+000 0.000000e+000 0.000000e+000
0.0000000000000000e+000
0
0
4 2
5.796744e-001 -7.507650e-002 7.898952e+001 -6.220193e-002 8.721918e-001 4.574878e+001 -2.518022e-004 -3.407164e-004 9.422616e-001
0.000000e+000 0.000000e+000 0.000000e+000 0.000000e+000 0.000000e+000 0.000000e+000 0.000000e+000 0.000000e+000 0.000000e+000
0.0000000000000000e+000
0
0
4 3
7.315588e-001 -9.162961e-002 6.488367e+001 3.858784e-001 9.952316e-001 -4.869477e+001 8.604875e-005 6.522021e-004 9.549530e-001
0.000000e+000 0.000000e+000 0.000000e+000 0.000000e+000 0.000000e+000 0.000000e+000 0.000000e+000 0.000000e+000 0.000000e+000
0.0000000000000000e+000
0
0
4 5
9.978871e-001 5.949023e-001 4.784599e+001 -1.333859e+000 9.239511e-001 2.823406e+002 1.202064e-003 -1.191615e-003 1.000000e+000
0.000000e+000 0.000000e+000 0.000000e+000 0.000000e+000 0.000000e+000 0.000000e+000 0.000000e+000 0.000000e+000 0.000000e+000
9.7777777777777775e-001
44
0
4 8
-4.827465e-001 -5.990280e-001 -4.480794e+001 1.150146e+000 -4.917316e-001 -9.462056e+001 7.140459e-004 -1.348465e-003 1.000000e+000
0.000000e+000 0.000000e+000 0.000000e+000 0.000000e+000 0.000000e+000 0.000000e+000 0.000000e+000 0.000000e+000 0.000000e+000
9.5652173913043481e-001
22
0
5 4
5.537609e-001 -2.864233e-001 5.437370e+001 7.351529e-001 4.131586e-001 -1.518256e+002 2.103626e-004 8.366251e-004 7.537218e-001
0.000000e+000 0.000000e+000 0.000000e+000 0.000000e+000 0.000000e+000 0.000000e+000 0.000000e+000 0.000000e+000 0.000000e+000
0.0000000000000000e+000
0
0
5 6
1.133501e+000 -1.259071e-001 -1.630973e+001 6.707283e-002 9.794943e-001 5.327764e+000 -3.006889e-004 1.940778e-004 1.000000e+000
0.000000e+000 0.000000e+000 0.000000e+000 0.000000e+000 0.000000e+000 0.000000e+000 0.000000e+000 0.000000e+000 0.000000e+000
3.7062937062937062e-001
53
0
5 7
9.790752e-001 -4.500813e-002 2.237280e+001 1.012432e-001 8.819311e-001 -4.917616e+001 -4.014467e-004 -7.408960e-005 1.000000e+000
0.000000e+000 0.000000e+000 0.000000e+000 0.000000e+000 0.000000e+000 0.000000e+000 0.000000e+000 0.000000e+000 0.000000e+000
5.5714285714285716e-001
78
0
5 8
-5.433270e-001 -3.845139e-002 1.396081e+001 1.288996e-001 -6.556722e-001 7.638429e+001 -9.442650e-004 -4.420336e-004 1.000000e+000
0.000000e+000 0.000000e+000 0.000000e+000 0.000000e+000 0.000000e+000 0.000000e+000 0.000000e+000 0.000000e+000 0.000000e+000
5.2808988764044940e-001
47
0
6 5
8.793437e-001 1.103082e-001 1.375416e+001 -6.171817e-002 1.014272e+000 -6.410408e+000 2.763870e-004 -1.636792e-004 1.005380e+000
0.000000e+000 0.000000e+000 0.000000e+000 0.000000e+000 0.000000e+000 0.000000e+000 0.000000e+000 0.000000e+000 0.000000e+000
0.0000000000000000e+000
0
0
6 7
8.548587e-001 2.506879e-002 3.656109e+001 3.034868e-002 9.439258e-001 -5.393706e+001 -4.874628e-005 -1.588825e-004 1.000000e+000
0.000000e+000 0.000000e+000 0.000000e+000 0.000000e+000 0.000000e+000 0.000000e+000 0.000000e+000 0.000000e+000 0.000000e+000
4.3065693430656932e-001
118
0
6 8
-1.003707e+000 -4.383208e-001 7.802051e+001 9.121355e-001 -2.696657e-001 -7.993849e+000 9.514182e-004 6.218311e-004 1.000000e+000
0.000000e+000 0.000000e+000 0.000000e+000 0.000000e+000 0.000000e+000 0.000000e+000 0.000000e+000 0.000000e+000 0.000000e+000
5.3488372093023251e-001
23
0
7 5
1.007984e+000 4.975208e-002 -2.010481e+001 -9.353685e-002 1.133962e+000 5.785659e+001 3.977217e-004 1.039876e-004 9.962156e-001
0.000000e+000 0.000000e+000 0.000000e+000 0.000000e+000 0.000000e+000 0.000000e+000 0.000000e+000 0.000000e+000 0.000000e+000
0.0000000000000000e+000
0
0
7 6
1.168599e+000 -3.857743e-002 -4.480600e+001 -3.463164e-002 1.070255e+000 5.899257e+001 5.146247e-005 1.681642e-004 1.007189e+000
0.000000e+000 0.000000e+000 0.000000e+000 0.000000e+000 0.000000e+000 0.000000e+000 0.000000e+000 0.000000e+000 0.000000e+000
0.0000000000000000e+000
0
0
7 8
-9.549607e-001 -2.957838e-001 7.783994e+001 7.181565e-003 -9.975058e-001 7.553072e+001 3.708546e-005 -3.428844e-004 1.000000e+000
0.000000e+000 0.000000e+000 0.000000e+000 0.000000e+000 0.000000e+000 0.000000e+000 0.000000e+000 0.000000e+000 0.000000e+000
4.3564356435643564e-001
44
0
8 4
-5.722934e-001 6.093720e-001 3.201583e+001 -1.125238e+000 -4.165220e-001 -8.983113e+001 -1.108700e-003 -9.967851e-004 8.560051e-001
0.000000e+000 0.000000e+000 0.000000e+000 0.000000e+000 0.000000e+000 0.000000e+000 0.000000e+000 0.000000e+000 0.000000e+000
0.0000000000000000e+000
0
0
8 5
-1.849870e+000 9.601785e-002 1.849142e+001 -5.979552e-001 -1.576918e+000 1.287997e+002 -2.011084e-003 -6.063847e-004 1.074395e+000
0.000000e+000 0.000000e+000 0.000000e+000 0.000000e+000 0.000000e+000 0.000000e+000 0.000000e+000 0.000000e+000 0.000000e+000
0.0000000000000000e+000
0
0
8 6
-3.610685e-001 6.640901e-001 3.347938e+001 -1.254612e+000 -1.470406e+000 8.613129e+001 1.123684e-003 2.825171e-004 9.145880e-001
0.000000e+000 0.000000e+000 0.000000e+000 0.000000e+000 0.000000e+000 0.000000e+000 0.000000e+000 0.000000e+000 0.000000e+000
0.0000000000000000e+000
0
0
8 7
-1.042687e+000 2.887797e-001 5.935096e+001 -4.700934e-003 -1.027920e+000 7.800548e+001 3.705665e-005 -3.631674e-004 1.024546e+000
0.000000e+000 0.000000e+000 0.000000e+000 0.000000e+000 0.000000e+000 0.000000e+000 0.000000e+000 0.000000e+000 0.000000e+000
0.0000000000000000e+000
0
0
1208
2 0 5 1 15
2 0 16 3 17
2 0 22 3 26
3 0 34 3 37 4 54
3 0 35 3 38 4 55
2 0 36 3 36
2 0 38 3 42
2 0 39 3 41
4 0 41 1 61 2 56 4 47
2 0 42 3 45
4 0 44 2 60 4 51 1 45
2 0 45 3 53
2 0 51 3 60
2 0 55 3 65
2 0 57 3 47
2 0 58 3 98
5 0 60 1 74 3 101 4 69 2 92
2 0 61 3 77
5 0 63 1 94 2 93 3 105 4 76
4 0 64 1 95 2 94 3 106
2 0 66 3 56
2 0 71 1 85
2 0 72 3 86
4 0 73 1 113 2 142 4 94
2 0 74 3 88
2 0 75 3 89
2 0 78 3 64
4 0 80 1 114 4 133 2 147
5 0 81 1 115 3 95 4 96 2 119
2 0 82 3 96
2 0 85 3 102
4 0 86 2 158 3 104 4 105
2 0 87 3 143
2 0 94 3 110
2 0 95 3 113
2 0 96 3 114
2 0 97 3 115
3 0 99 3 116 4 88
3 0 100 1 216 4 160
4 0 103 1 223 3 119 2 316
3 0 104 1 224 3 120
2 0 106 3 123
4 0 107 1 120 2 171 3 126
2 0 108 3 130
3 0 110 3 289 1 304
2 0 111 3 97
3 0 112 1 166 3 135
3 0 114 1 174 3 201
2 0 116 3 139
2 0 117 3 140
3 0 119 1 141 3 138
3 0 121 1 180 2 222
2 0 122 3 205
3 0 124 1 172 3 206
2 0 125 3 141
2 0 126 3 144
2 0 127 3 108
2 0 134 3 158
2 0 135 3 156
2 0 136 3 159
5 0 145 1 217 2 205 3 118 4 128
3 0 146 1 226 3 166
3 0 147 1 227 3 167
3 0 148 3 168 1 158
2 0 149 3 171
5 0 151 1 222 3 175 2 289 4 158
2 0 153 1 167
3 0 159 1 181 2 185
2 0 160 3 191
2 0 162 3 190
4 0 163 1 189 3 192 2 189
2 0 165 3 194
4 0 166 1 195 2 192 3 294
2 0 167 3 197
3 0 168 1 197 2 191
4 0 171 1 203 3 134 2 197
4 0 173 1 204 2 198 3 199
3 0 174 1 242 2 308
2 0 180 3 310
2 0 182 3 316
2 0 183 3 207
2 0 185 3 317
2 0 192 3 215
2 0 193 3 216
2 0 196 3 223
2 0 198 3 217
2 0 199 3 218
5 0 200 1 265 4 179 5 124 8 271
2 0 201 1 266
2 0 203 3 219
2 0 204 3 220
2 0 206 3 221
3 0 207 3 225 4 189
6 0 208 3 227 1 210 2 182 4 148 8 137
2 0 210 3 228
2 0 219 1 220
3 0 221 4 234 3 249
2 0 223 3 251
2 0 226 3 172
5 0 228 1 296 2 287 3 256 4 220
2 0 229 3 174
3 0 230 3 261 4 171
2 0 232 3 260
2 0 234 3 259
3 0 235 3 263 4 169
4 0 236 1 238 2 240 3 271
4 0 237 1 239 2 241 3 270
3 0 238 3 269 4 254
3 0 239 3 268 4 253
3 0 240 1 327 2 348
5 0 241 1 302 3 275 4 226 2 286
2 0 242 3 273
3 0 243 3 274 4 188
2 0 244 4 183
3 0 245 2 248 3 284
2 0 246 3 285
2 0 247 3 286
2 0 249 3 279
2 0 250 3 287
2 0 251 3 288
2 0 254 3 391
2 0 255 3 291
2 0 256 3 292
3 0 257 1 308 3 193
4 0 259 1 258 2 266 3 404
2 0 260 1 259
4 0 261 3 300 4 332 1 309
2 0 262 3 302
3 0 263 1 436 2 773
4 0 264 1 321 3 297 2 296
2 0 265 3 305
2 0 266 3 204
2 0 267 3 299
2 0 269 1 241
3 0 270 1 317 3 308
5 0 271 1 325 3 434 2 305 4 359
2 0 272 3 309
3 0 273 1 330 3 315
3 0 275 3 319 4 250
2 0 276 3 313
2 0 277 4 367
2 0 278 1 333
2 0 285 3 334
2 0 286 3 465
2 0 289 3 335
3 0 290 1 370 3 337
7 0 291 3 338 4 256 1 378 2 339 5 188 8 261
2 0 292 3 339
5 0 294 3 341 4 255 1 380 2 338
5 0 297 4 260 1 385 2 342 5 135
3 0 298 4 261 5 134
4 0 302 1 276 4 198 3 231
2 0 303 3 342
3 0 304 3 343 4 274
4 0 307 1 415 2 404 4 305
3 0 310 2 521 4 301
4 0 313 1 418 2 400 4 214
2 0 314 3 243
3 0 315 1 423 2 532
3 0 316 1 298 3 350
2 0 317 3 347
5 0 318 1 292 3 348 4 304 2 284
3 0 321 3 354 4 337
3 0 322 3 254 4 223
3 0 323 3 357 4 225
2 0 324 3 358
2 0 325 4 315
3 0 326 3 359 4 342
2 0 328 3 360
3 0 329 3 363 4 340
2 0 330 3 367
2 0 332 3 377
2 0 334 3 378
4 0 335 3 379 1 452 2 469
4 0 336 2 246 3 272 4 259
4 0 337 1 329 2 350 3 381
2 0 340 3 383
2 0 341 3 387
3 0 347 1 347 2 372
3 0 348 2 375 3 397
2 0 349 3 402
2 0 350 3 408
5 0 352 1 622 2 555 3 584 4 492
3 0 354 1 447 2 562
2 0 355 3 416
2 0 356 3 407
2 0 362 3 421
3 0 363 1 368 3 597
2 0 364 3 598
2 0 366 3 424
2 0 368 3 417
3 0 369 1 374 3 418
2 0 371 3 422
2 0 375 3 428
2 0 377 3 430
2 0 378 3 429
4 0 380 1 455 3 437 4 364
2 0 381 3 442
2 0 382 3 445
2 0 383 3 448
2 0 384 1 656
2 0 393 3 458
2 0 401 3 459
2 0 402 3 330
2 0 405 3 461
2 0 406 3 340
2 0 407 3 675
2 0 411 3 468
6 0 412 3 471 4 384 1 390 2 470 8 368
2 0 413 3 472
2 0 414 3 473
2 0 415 3 687
2 0 416 3 474
2 0 422 4 437
4 0 423 1 555 4 438 2 717
3 0 425 1 559 2 536
3 0 426 1 560 4 450
4 0 427 1 561 4 451 2 537
4 0 429 1 557 3 490 4 442
2 0 430 3 492
3 0 434 1 570 3 493
2 0 436 3 494
3 0 437 1 567 2 531
4 0 438 1 575 2 538 3 501
2 0 439 3 503
3 0 442 3 513 4 525
3 0 443 3 516 4 527
3 0 444 3 364 4 347
3 0 446 3 758 4 537
3 0 447 3 522 4 536
2 0 450 3 368
3 0 451 3 529 4 532
2 0 452 4 350
3 0 453 4 351 3 370
5 0 454 1 582 2 739 3 531 4 468
2 0 456 3 533
2 0 458 3 369
2 0 461 1 583
3 0 462 1 585 4 470
5 0 463 1 587 2 548 3 546 4 476
3 0 464 1 591 3 549
2 0 465 3 550
3 0 466 1 590 3 553
4 0 467 1 580 3 554 2 525
7 0 468 1 581 3 555 4 460 5 342 6 347 7 506
3 0 470 3 557 4 563
3 0 475 1 460 3 563
3 0 476 1 461 2 475
2 0 477 3 559
2 0 479 3 567
2 0 480 1 475
3 0 481 1 476 2 490
2 0 485 3 569
3 0 486 1 480 3 570
2 0 487 3 574
2 0 489 1 603
4 0 492 1 487 3 578 2 371
5 0 495 4 485 5 500 6 523 8 775
2 0 496 3 400
2 0 498 3 594
3 0 499 1 493 3 838
4 0 500 1 494 2 495 3 839
3 0 502 1 609 2 552
2 0 504 1 607
3 0 505 1 608 4 488
3 0 506 1 625 2 559
6 0 507 2 554 4 489 5 348 7 521 8 766
7 0 508 3 582 4 490 5 506 8 776 6 526 7 513
7 0 509 3 583 4 491 5 505 8 777 6 525 7 512
4 0 511 1 597 3 603 2 779
3 0 512 1 506 3 846
3 0 514 1 634 4 500
3 0 515 1 631 2 560
2 0 516 3 609
2 0 518 3 599
4 0 519 1 638 3 596 2 569
2 0 520 3 610
2 0 522 3 619
2 0 523 3 620
2 0 524 3 624
3 0 526 1 340 2 433
2 0 528 3 605
3 0 529 1 718 3 607
2 0 530 3 608
3 0 534 1 632 2 583
2 0 535 1 454
3 0 536 1 485 3 427
2 0 537 1 904
3 0 539 1 640 3 881
3 0 540 3 628 1 912
3 0 541 4 549 3 440
3 0 542 1 481 4 338
4 0 543 1 482 4 339 3 433
2 0 544 3 644
2 0 545 3 632
3 0 550 1 651 4 556
2 0 552 4 560
2 0 557 1 466
2 0 566 3 661
4 0 568 2 434 3 657 1 501
2 0 572 3 668
2 0 574 3 912
2 0 575 3 670
2 0 577 3 664
2 0 586 3 672
4 0 591 3 682 1 525 4 378
2 0 599 3 924
5 0 600 1 540 3 930 4 411 2 497
5 0 602 3 694 4 392 1 536 8 259
2 0 603 3 692
2 0 615 4 715
3 0 616 1 783 2 711
3 0 620 1 789 2 718
3 0 621 1 790 2 719
2 0 626 1 797
2 0 627 1 798
2 0 630 4 733
4 0 631 1 562 3 731 4 452
2 0 632 3 732
2 0 635 4 754
2 0 636 4 755
3 0 637 1 809 3 735
4 0 639 1 811 2 733 4 751
5 0 640 1 812 4 752 2 734 3 1022
3 0 642 3 736 4 759
3 0 645 3 1032 4 764
2 0 646 3 1036
2 0 647 3 1037
2 0 649 4 775
2 0 650 1 819
2 0 651 1 820
3 0 652 3 751 4 757
2 0 653 3 752
2 0 657 3 519
2 0 658 3 520
2 0 660 4 535
2 0 662 4 842
2 0 663 4 843
3 0 666 1 825 3 759
2 0 670 3 527
3 0 671 3 528 4 538
2 0 672 3 761
4 0 675 3 766 4 778 1 829
2 0 676 1 586
2 0 677 3 1082
2 0 679 3 772
2 0 680 1 839
4 0 682 1 620 2 631 3 551
2 0 683 1 621
2 0 684 2 913
2 0 686 1 630
2 0 687 3 794
2 0 700 3 562
3 0 702 1 662 2 654
2 0 703 1 670
2 0 704 1 671
2 0 705 2 658
2 0 706 1 855
2 0 707 3 829
2 0 708 3 830
2 0 710 3 831
2 0 713 3 1157
2 0 716 1 601
4 0 717 1 602 3 835 2 758
2 0 721 3 836
2 0 722 3 841
2 0 723 3 842
2 0 724 3 855
3 0 728 3 844 4 794
3 0 729 3 845 4 795
4 0 732 3 601 1 856 2 776
7 0 739 1 878 4 796 2 760 5 504 7 763 8 1094
8 0 740 1 879 2 761 4 797 5 503 8 1095 6 796 7 762
9 0 742 3 591 4 495 1 629 2 558 5 349 8 769 6 533 7 524
2 0 744 3 865
2 0 745 3 867
3 0 746 1 861 3 866
3 0 749 1 867 3 870
4 0 752 1 896 2 777 3 1177
4 0 753 1 897 2 778 4 806
2 0 756 3 1187
2 0 759 4 804
3 0 763 1 902 3 860
2 0 764 3 872
4 0 765 1 871 2 797 4 839
3 0 768 1 667 3 863
2 0 773 3 611
4 0 774 1 916 3 1203 4 854
5 0 780 1 895 2 816 3 1218 4 1298
3 0 782 1 898 3 880
2 0 785 3 879
3 0 787 1 913 3 877
2 0 788 1 639
4 0 789 3 878 1 939 2 862
3 0 790 1 940 2 863
2 0 792 3 889
3 0 798 1 664 3 886
2 0 800 3 895
2 0 802 3 1237
2 0 806 3 897
2 0 812 4 594
4 0 817 1 675 3 907 2 614
3 0 820 1 679 2 615
2 0 829 3 904
5 0 831 1 715 3 913 2 619 4 562
2 0 833 3 1265
3 0 838 1 1034 2 919
2 0 839 3 917
2 0 840 3 918
2 0 845 3 1291
2 0 852 3 1296
2 0 854 3 1297
4 0 857 3 936 4 648 1 750
2 0 860 4 948
2 0 866 3 941
2 0 867 3 942
2 0 868 4 627
2 0 889 4 721
2 0 890 4 1143
2 0 892 4 737
2 0 912 1 808
2 0 915 3 1020
3 0 918 4 1156 3 1026
2 0 919 1 823
2 0 920 1 824
2 0 922 4 753
2 0 928 4 761
3 0 929 3 1029 4 1176
2 0 932 4 1152
2 0 934 4 1193
3 0 935 3 1040 4 1168
3 0 936 1 849 3 745
3 0 937 1 850 3 746
3 0 948 2 879 3 763
2 0 952 4 1286
3 0 953 1 838 2 754
2 0 954 4 1266
3 0 955 3 1080 4 777
2 0 956 4 790
3 0 957 3 1089 4 1191
3 0 962 2 751 4 789
2 0 964 3 792
2 0 965 3 791
3 0 966 1 826 3 1106
3 0 967 1 827 3 1107
5 0 980 1 847 3 810 2 736 4 1195
3 0 981 1 848 2 737
2 0 982 3 815
2 0 995 3 1153
2 0 997 1 863
2 0 1006 3 1163
3 0 1008 2 963 1 989
2 0 1011 3 858
2 0 1013 1 876
2 0 1015 1 994
2 0 1019 3 1179
2 0 1024 3 1174
2 0 1027 3 1185
2 0 1039 3 1180
4 0 1040 3 1183 4 810 5 527
2 0 1041 4 811
2 0 1048 1 1026
2 0 1056 3 1206
2 0 1064 1 937
2 0 1066 1 957
2 0 1067 3 1220
2 0 1074 3 1225
3 0 1080 1 983 3 1213
2 0 1081 3 884
2 0 1084 4 873
2 0 1085 3 1231
3 0 1107 3 1252 4 908
2 0 1118 3 1263
2 0 1123 3 1251
2 0 1126 1 1076
2 0 1127 1 1077
2 0 1132 2 847
2 0 1146 3 1257
2 0 1149 3 1248
2 0 1156 3 908
2 0 1180 4 870
2 0 1210 3 1285
2 0 1227 3 1294
2 0 1228 3 1295
2 0 1234 3 1298
2 0 1272 3 943
2 1 6 2 6
2 1 21 2 20
2 1 26 2 23
2 1 28 2 24
2 1 36 2 46
3 1 68 2 68 3 66
2 1 73 2 71
2 1 87 2 87
3 1 88 2 86 4 65
2 1 96 2 96
2 1 97 2 65
2 1 99 2 98
2 1 102 4 84
2 1 107 2 110
2 1 136 2 136
2 1 138 3 100
2 1 152 2 206
2 1 154 4 127
2 1 156 2 146
2 1 170 3 200
2 1 179 2 221
2 1 192 4 182
2 1 196 2 233
2 1 199 2 193
4 1 208 2 239 4 185 8 192
2 1 221 2 207
3 1 237 3 203 2 304
2 1 240 2 219
2 1 245 2 249
2 1 246 2 253
2 1 255 2 178
2 1 260 2 225
2 1 261 2 226
3 1 263 2 264 4 204
2 1 273 4 195
2 1 281 2 694
2 1 282 2 274
2 1 283 2 282
2 1 284 2 391
2 1 291 2 283
2 1 293 2 297
2 1 297 2 288
2 1 300 2 290
2 1 301 2 291
2 1 310 2 329
2 1 313 2 415
2 1 314 2 416
2 1 315 2 334
2 1 318 2 411
3 1 324 2 345 3 267
2 1 326 2 414
2 1 332 3 452
2 1 335 2 303
2 1 359 2 267
2 1 361 2 314
2 1 366 2 318
2 1 367 2 319
2 1 382 2 341
2 1 384 3 470
2 1 386 2 343
2 1 392 2 353
2 1 395 4 267
2 1 398 2 367
2 1 410 2 519
2 1 414 2 407
2 1 416 2 398
2 1 417 2 399
2 1 419 2 528
2 1 420 2 529
3 1 421 2 402 4 306
2 1 428 2 405
2 1 429 2 408
3 1 441 2 410 3 837
2 1 446 2 423
2 1 450 2 428
2 1 451 3 630
2 1 453 2 468
2 1 458 2 590
2 1 459 2 591
3 1 473 2 610 3 629
2 1 478 4 575
2 1 490 2 328
2 1 496 4 396
2 1 497 4 397
2 1 498 2 453
2 1 499 2 457
2 1 509 2 446
2 1 523 2 466
5 1 524 4 377 2 346 8 369 5 197
2 1 527 2 467
2 1 534 2 479
2 1 535 2 483
2 1 537 2 485
2 1 547 4 440
2 1 548 4 441
2 1 549 2 520
2 1 556 2 526
2 1 558 2 530
3 1 568 4 457 3 737
2 1 569 4 458
2 1 577 2 794
2 1 578 2 540
2 1 579 2 539
2 1 613 2 576
2 1 614 2 572
2 1 615 2 573
2 1 616 2 796
2 1 618 2 765
2 1 619 2 419
4 1 623 2 556 4 493 3 585
2 1 627 2 420
2 1 628 3 623
2 1 650 2 835
2 1 654 2 812
2 1 660 2 598
2 1 674 2 609
2 1 676 2 613
2 1 680 2 491
2 1 686 4 930
3 1 699 4 929 2 671
2 1 703 2 684
2 1 724 2 638
2 1 728 4 1017
3 1 746 4 638 3 935
2 1 770 2 704
3 1 772 2 731 4 729
2 1 773 2 732
2 1 776 4 747
2 1 777 4 748
2 1 779 2 712
3 1 782 2 710 4 717
2 1 784 2 713
2 1 785 2 714
2 1 786 2 738
3 1 787 2 715 4 726
2 1 788 2 716
2 1 792 2 726
2 1 805 2 721
3 1 806 2 722 4 739
2 1 814 2 798
4 1 815 2 740 4 763 3 739
2 1 818 2 805
2 1 822 2 813
2 1 828 2 743
2 1 834 2 729
2 1 842 2 755
2 1 845 2 752
2 1 851 2 749
2 1 859 3 604
2 1 866 3 871
6 1 881 4 798 5 722 8 1082 6 799 7 771
2 1 893 2 820
2 1 905 2 834
2 1 906 2 827
2 1 917 4 855
2 1 919 2 596
2 1 926 2 845
2 1 929 4 1231
2 1 933 2 854
2 1 947 2 435
2 1 958 3 905
2 1 963 2 953
2 1 971 2 857
2 1 978 2 618
2 1 988 2 962
2 1 990 2 852
2 1 996 2 853
2 1 1008 2 860
2 1 1011 2 864
2 1 1013 4 859
2 1 1023 2 902
2 1 1024 3 1195
2 1 1025 3 1196
2 1 1028 2 911
2 1 1037 4 898
2 1 1041 2 931
2 1 1042 2 975
2 1 1048 4 1487
2 1 1054 4 1025
2 1 1055 4 1057
2 1 1057 4 1023
2 1 1062 2 959
2 1 1064 2 960
2 1 1066 4 1016
2 1 1069 4 635
2 1 1072 2 974
2 1 1079 4 1699
2 2 114 4 119
2 2 115 4 120
2 2 120 4 93
2 2 140 4 126
2 2 143 4 95
2 2 255 4 265
2 2 262 4 280
2 2 263 4 282
2 2 373 4 402
3 2 394 4 300 8 441
2 2 498 4 631
2 2 589 4 521
2 2 670 4 603
2 2 676 4 990
2 2 685 4 958
2 2 724 4 1182
2 2 817 4 857
2 2 920 4 1326
2 2 921 4 1334
2 2 926 4 869
2 2 961 4 1491
2 3 62 4 60
2 3 176 4 156
2 3 247 4 219
2 3 314 4 177
2 3 353 4 319
2 3 388 4 390
2 3 524 4 531
2 3 617 4 819
2 3 635 4 548
2 3 712 4 666
2 3 741 4 756
2 3 1033 4 1228
2 3 1034 4 1229
2 3 1039 4 1167
2 3 1045 4 1235
2 3 1141 4 911
4 4 173 5 170 6 184 7 187
2 4 251 5 183
3 4 252 5 182 8 268
5 4 325 8 542 5 344 6 348 7 351
2 4 381 8 377
3 4 487 5 343 8 785
5 4 497 5 352 8 531 6 350 7 357
3 4 508 5 366 6 543
3 4 509 5 362 7 362
3 4 510 5 361 7 361
2 4 561 5 371
2 4 569 5 260
4 4 767 5 704 6 790 7 753
4 4 768 5 705 6 791 7 754
3 4 792 5 510 7 523
2 4 817 5 539
2 4 825 5 520
2 4 848 8 302
4 4 853 5 530 6 549 7 531
2 4 858 5 531
3 4 887 5 560 8 1045
2 4 959 5 542
3 4 1234 5 529 8 1049
2 4 1237 5 718
2 4 1281 5 733
2 4 1291 5 754
4 4 1294 5 741 6 813 7 787
2 4 1324 5 762
3 4 1336 5 548 8 1058
3 4 1337 5 549 8 1057
3 4 1338 5 770 8 1069
3 4 1339 5 771 8 1068
2 4 1341 5 782
2 4 1372 5 799
2 4 1373 8 1040
2 4 1392 8 1030
2 4 1529 8 944
2 5 21 6 24
2 5 22 6 25
2 5 27 7 34
2 5 29 7 25
3 5 30 6 52 7 55
4 5 31 6 53 7 56 8 77
4 5 32 6 54 7 57 8 76
3 5 44 6 69 7 72
3 5 46 6 47 7 51
4 5 49 6 51 7 82 8 95
4 5 50 6 82 7 86 8 89
2 5 57 7 98
3 5 67 7 102 6 137
2 5 68 6 98
3 5 74 6 77 7 83
3 5 75 6 78 7 84
3 5 76 7 110 6 104
3 5 77 6 76 7 109
2 5 79 6 80
2 5 83 7 90
2 5 84 7 61
2 5 98 7 199
2 5 101 7 142
2 5 104 6 107
2 5 109 7 156
2 5 110 6 84
3 5 111 6 112 7 114
3 5 116 6 130 7 131
2 5 123 8 272
2 5 127 8 266
2 5 139 7 139
3 5 148 7 202 6 142
3 5 149 6 143 7 203
3 5 150 6 148 7 150
3 5 151 7 148 6 147
3 5 153 6 152 7 152
3 5 154 6 151 7 206
4 5 159 6 158 7 160 8 160
2 5 160 7 162
3 5 171 6 185 7 188
2 5 177 8 277
2 5 179 8 386
2 5 180 7 363
2 5 193 7 136
2 5 195 6 264
2 5 199 7 198
3 5 202 7 141 6 139
4 5 203 6 204 7 267 8 353
2 5 204 7 269
2 5 207 6 279
3 5 208 6 214 7 151
3 5 210 6 209 7 281
3 5 211 6 208 7 275
4 5 215 7 276 6 280 8 340
2 5 216 6 283
2 5 218 6 290
2 5 226 6 228
2 5 227 6 222
2 5 230 6 164
2 5 237 6 345
2 5 239 6 250
2 5 240 7 246
3 5 246 7 247 8 394
2 5 254 8 544
3 5 264 7 377 6 384
3 5 267 7 260 6 269
3 5 268 6 389 7 261
2 5 271 6 272
2 5 272 8 597
3 5 273 6 275 7 265
2 5 274 6 276
3 5 275 7 388 6 277
3 5 286 7 279 6 282
3 5 287 6 284 7 285
4 5 288 6 281 7 277 8 341
2 5 294 8 333
3 5 295 6 429 8 460
3 5 298 6 423 8 474
4 5 300 6 296 7 295 8 327
3 5 301 6 427 7 420
3 5 302 7 421 6 621
4 5 303 6 301 8 312 7 301
3 5 304 7 218 6 220
3 5 305 7 219 6 221
2 5 328 8 780
3 5 331 6 332 7 334
3 5 337 6 509 7 504
2 5 339 7 755
2 5 345 7 353
3 5 350 7 525 8 771
2 5 351 6 534
2 5 353 6 349
2 5 355 8 757
3 5 356 7 358 8 530
2 5 363 8 528
2 5 367 6 544
2 5 368 8 795
2 5 376 6 367
2 5 377 7 816
3 5 379 7 376 6 380
2 5 382 6 386
2 5 387 8 598
2 5 388 6 579
2 5 395 7 564
2 5 396 8 495
2 5 398 7 385
3 5 399 7 397 6 403
3 5 404 7 387 8 683
2 5 406 8 430
2 5 407 8 429
2 5 408 6 592
3 5 409 7 391 8 503
3 5 411 6 402 7 573
4 5 417 6 597 8 667 7 882
4 5 422 7 407 6 416 8 490
4 5 430 6 424 7 592 8 476
4 5 431 6 425 7 593 8 475
2 5 437 7 424
2 5 439 8 617
2 5 440 8 618
2 5 444 6 431
3 5 446 7 308 6 308
2 5 451 6 442
2 5 452 8 612
2 5 457 8 1146
3 5 463 6 459 8 1162
3 5 464 6 460 8 1161
3 5 466 7 650 6 676
2 5 467 6 463
2 5 469 6 677
3 5 470 6 674 8 1084
3 5 479 6 482 7 689
2 5 482 6 484
3 5 483 6 485 7 707
4 5 486 6 486 7 489 8 706
3 5 488 6 493 7 713
2 5 489 6 495
2 5 490 6 496
3 5 492 6 753 7 735
2 5 495 6 503
3 5 496 6 504 7 748
3 5 497 6 505 7 498
3 5 498 6 506 7 497
2 5 502 7 776
2 5 508 7 766
2 5 509 7 522
2 5 511 8 1086
2 5 512 8 1085
3 5 515 6 537 7 775
3 5 517 6 538 7 779
2 5 521 6 536
3 5 523 6 541 7 784
4 5 524 7 788 6 807 8 1052
3 5 528 7 528 6 355
3 5 533 7 806 8 1025
2 5 541 8 1077
2 5 544 8 1070
2 5 547 7 813
3 5 562 7 835 6 851
2 5 563 7 827
3 5 564 6 379 7 828
2 5 568 8 1028
2 5 569 8 1029
3 5 574 6 576 7 840
3 5 575 7 841 6 575
4 5 577 6 574 7 844 8 965
4 5 580 6 584 7 861 8 693
2 5 586 8 952
2 5 591 6 406
2 5 595 8 587
2 5 596 8 586
2 5 597 8 669
4 5 598 6 606 7 907 8 917
4 5 599 6 607 7 909 8 652
2 5 601 7 916
3 5 607 6 615 7 924
2 5 608 8 647
2 5 609 8 885
4 5 610 8 883 6 944 7 956
2 5 611 8 882
2 5 613 8 627
4 5 614 6 620 7 591 8 646
3 5 616 6 939 7 944
4 5 618 6 625 7 604 8 621
2 5 627 6 961
2 5 628 6 962
4 5 636 6 663 7 649 8 1126
3 5 638 6 659 7 656
4 5 640 6 673 7 660 8 1087
2 5 643 6 681
3 5 644 6 683 8 1109
2 5 649 6 694
2 5 652 8 1097
3 5 654 6 700 7 678
2 5 657 7 682
2 5 658 6 701
3 5 663 6 720 7 699
2 5 669 6 732
2 5 670 7 714
2 5 671 7 719
2 5 673 7 721
2 5 679 6 755
3 5 700 6 771 7 760
3 5 701 6 769 7 761
2 5 713 8 1093
2 5 714 6 787
2 5 715 6 788
3 5 721 6 798 7 770
2 5 727 6 804
2 5 728 6 805
2 5 730 6 808
3 5 734 6 809 7 783
2 5 738 6 810
2 5 747 6 816
2 5 748 8 1111
2 5 756 8 1089
2 5 775 7 822
2 5 776 7 814
2 5 788 6 847
2 5 790 6 848
2 5 796 6 855
2 5 804 8 1047
2 5 805 8 1046
2 5 806 6 852
2 5 815 7 854
3 5 820 6 585 8 694
3 5 839 7 874 8 677
3 5 850 7 905 6 900
2 5 851 7 910
2 5 860 6 910
3 5 877 6 627 7 960
4 5 878 6 949 7 958 8 884
2 5 883 7 951
2 5 884 6 952
2 6 26 7 26
2 6 29 7 27
2 6 44 7 48
2 6 49 7 81
2 6 61 7 64
2 6 72 7 143
2 6 73 7 79
2 6 75 7 80
2 6 85 7 89
2 6 86 7 126
2 6 87 7 127
2 6 92 7 68
2 6 106 8 177
3 6 108 7 113 8 121
2 6 129 7 130
2 6 138 7 140
2 6 146 7 205
2 6 150 7 209
2 6 153 7 154
2 6 161 7 118
2 6 163 7 163
2 6 170 7 179
3 6 172 7 175 8 265
3 6 173 7 176 8 264
2 6 174 7 177
2 6 177 7 182
2 6 178 7 183
2 6 186 7 189
2 6 187 7 190
3 6 233 7 231 8 541
2 6 234 7 232
2 6 235 7 337
3 6 236 7 338 8 518
2 6 241 7 236
2 6 244 7 239
2 6 245 7 240
2 6 248 7 243
3 6 255 7 355 8 800
2 6 271 7 380
2 6 288 7 288
3 6 295 7 293 8 330
3 6 297 7 296 8 324
2 6 307 7 307
2 6 314 7 319
2 6 318 7 459
3 6 327 7 331 8 532
2 6 329 7 332
2 6 331 7 333
2 6 333 7 335
2 6 334 7 336
2 6 336 7 349
2 6 340 7 502
2 6 343 7 511
2 6 346 7 505
2 6 351 7 354
2 6 359 7 530
2 6 362 7 365
2 6 363 7 366
2 6 365 7 543
2 6 366 7 368
2 6 376 7 547
2 6 392 7 381
2 6 393 7 383
2 6 395 7 386
2 6 401 7 571
2 6 404 7 398
2 6 405 7 579
2 6 408 7 400
2 6 409 7 401
2 6 411 7 403
2 6 412 7 584
2 6 414 7 410
2 6 415 7 411
2 6 417 7 408
2 6 419 7 416
2 6 421 7 413
2 6 422 7 418
2 6 426 7 415
2 6 432 7 430
2 6 433 7 429
2 6 443 7 441
3 6 465 7 658 8 1124
3 6 466 7 478 8 763
3 6 468 7 671 8 1108
2 6 469 7 480
3 6 471 7 482 8 735
2 6 479 7 483
2 6 480 7 484
2 6 488 7 710
2 6 489 7 491
2 6 490 8 713
2 6 492 7 485
2 6 498 7 494
2 6 501 7 490
2 6 507 7 507
2 6 515 7 518
2 6 519 7 781
2 6 528 7 516
2 6 529 7 517
2 6 535 7 772
2 6 540 7 780
2 6 542 7 792
2 6 547 7 533
2 6 548 7 534
2 6 554 7 808
2 6 556 7 811
2 6 557 7 541
2 6 569 7 832
2 6 581 7 558
3 6 582 7 567 8 682
2 6 599 7 577
2 6 601 7 578
2 6 608 7 582
2 6 611 7 586
2 6 613 7 919
2 6 617 7 588
2 6 624 7 597
2 6 629 7 610
2 6 638 7 1040
2 6 649 7 645
2 6 650 7 647
2 6 651 7 666
2 6 655 8 1104
2 6 656 7 646
2 6 660 7 657
3 6 669 7 653 8 784
3 6 680 7 672 8 1062
3 6 684 7 674 8 1054
2 6 685 8 1053
2 6 687 7 673
2 6 698 7 679
2 6 699 7 677
2 6 703 7 685
3 6 705 7 692 8 995
2 6 708 7 684
2 6 709 7 690
2 6 710 7 691
2 6 715 7 688
2 6 716 7 702
2 6 717 7 703
2 6 728 7 720
2 6 735 7 723
2 6 736 7 724
2 6 747 7 739
2 6 748 7 740
2 6 749 7 729
2 6 750 7 730
2 6 752 7 734
2 6 754 7 736
2 6 761 7 752
2 6 773 7 733
2 6 776 7 764
2 6 778 7 767
2 6 779 7 768
2 6 786 7 778
2 6 800 7 756
2 6 825 7 793
2 6 834 7 807
2 6 865 7 858
2 6 894 7 885
2 6 899 7 903
2 6 904 7 898
2 6 905 7 904
2 6 919 7 921
2 6 933 7 947
2 6 936 7 939
2 6 943 7 955
2 6 948 7 950
2 6 950 8 866
2 6 953 8 863
2 6 954 7 967
2 6 973 7 1002
2 6 977 7 1018
2 6 978 7 1019
2 6 979 7 636
2 6 980 7 637
2 6 983 7 1011
2 6 984 7 1012
2 6 998 7 1034
2 6 1007 7 1039
2 6 1008 7 1037
2 7 37 8 37
2 7 66 8 60
2 7 166 8 103
2 7 215 8 163
2 7 216 8 143
2 7 217 8 164
2 7 224 8 152
2 7 280 8 229
2 7 289 8 485
2 7 297 8 320
2 7 300 8 315
2 7 320 8 203
2 7 329 8 543
2 7 364 8 527
2 7 399 8 488
2 7 432 8 467
2 7 433 8 311
2 7 436 8 447
2 7 438 8 424
2 7 443 8 445
2 7 451 8 294
2 7 466 8 740
2 7 469 8 753
2 7 486 8 727
2 7 487 8 726
2 7 529 8 752
2 7 568 8 685
2 7 595 8 638
2 7 606 8 576
2 7 607 8 573
2 7 628 8 579
2 7 654 8 1102
2 7 659 8 1135
2 7 662 8 1031
2 7 687 8 1032
2 7 728 8 979
2 7 866 8 950
2 7 881 8 946
2 7 933 8 915
2 7 941 8 645
2 7 943 8 648
2 7 952 8 887
2 7 962 8 622
2 7 963 8 864
2 7 966 8 862
2 7 985 8 606
